Script started on 2022-09-11 16:53:12-04:00
]0;amirali@sjsu:~/A1[amirali@sjsu A1]$ cd 
]0;amirali@sjsu:~[amirali@sjsu ~]$ cd /proc/
]0;amirali@sjsu:/proc[amirali@sjsu proc]$ ls
cgroups
1116    1292    1475    185     2222    256765  268404  274     3823   494    657    828    cmdline
1117    1293    1476    185089  2223    257     268405  2740    383    495    659    829    consoles
1118    1295    1477    186     2224    257059  268406  2741    3831   49680  66     83     cpuinfo
1119    1296    1478    1864    2226    257081  268407  2742    38375  497    660    830    crypto
112     1297    1479    1868    2227    258     268427  2743    384    49747  661    831    devices
1121    1298    148     187     2228    258358  268453  2744    3844   49752  662    833    device-tree
1122    1299    1481    187022  2229    258544  268459  2745    385    498    663    834    diskstats
1123    13      148111  1874    223     258635  268475  2746    3858   49860  665    835    dma
1124    130     1482    1877    2231    258670  268497  2747    386    499    666    83572  driver
1125    1301    1483    188     2235    259     268505  2748    3860   50     667    836    execdomains
1127    1302    1484    1885    2237    259350  268520  2749    3863   500    668    837    fb
112717  1303    1485    1886    223996  259748  268521  275     38655  501    6684   839    filesystems
1128    1304    1487    1888    224     259928  268527  2750    388    50107  66843  84     fs
1129    1305    1488    19      2240    259964  268545  2751    3889   50265  669    840    interrupts
113     1307    1489    190     224264  259985  268551  2752    389    503    67     841    iomem
1130    1308    149     1901    2243    26      268574  2753    390    504    671    842    ioports
1131    1309    1490    190761  224319  260     268589  2754    3908   505    6712   843    irq
1133    131     1491    1908    224481  260134  2686    2758    391    506    672    8443   kallsyms
1134    1310    1493    191     224673  260710  268615  2759    3912   5062   673    845    kcore
1135    1311    1494    191050  224860  260763  268616  276     392    507    674    846    keys
1136    1313    1495    1911    225198  261144  268665  2760    394    509    675    847    key-users
1137    1314    1496    1915    225372  261173  268669  2761    395    510    676    848    kmsg
1139    1315    149691  1916    226     261470  2687    2762    396    511    677    849    kpagecgroup
114     1316    1497    192     2266    261554  268702  2764    3963   51113  678    85     kpagecount
1140    1317    149790  1925    2267    261616  268722  2765    3964   5115   679    851    kpageflags
1141    1319    149887  1928    2268    261631  268765  2766    3966   512    68     852    loadavg
1142    132     1499    193     2269    261712  268780  2767    397    513    680    853    locks
1143    1320    15      1933    227     261764  268807  2768    3979   515    681    854    mdstat
1145    1321    150     193305  2270    261785  268849  2769    398    516    682    855    meminfo
1146    1322    1500    1938    227196  261837  268913  277     3981   517    683    857    misc
1147    1323    1501    1939    2274    262     268933  2770    3986   518    684    858    modules
11472   1325    1502    194     2275    262086  268955  2772    3987   519    685    859    mounts
1148    1326    150251  1940    228     262387  268980  2773    3989   52     686    86     net
1149    1327    1503    1941    229     262593  268995  2774    3999   521    687    860    pagetypeinfo
115     1328    1505    1942    23      262756  269     2776    4      5212   6882   861    partitions
1151    1329    150524  1943    230     262775  269002  2777    40     522    689    863    powerpc
1152    133     1506    1946    2318    262799  269003  2779    400    523    690    864    ppc64

]0;amirali@sjsu:/proc[amirali@sjsu proc]$ exit

Script done on 2022-09-11 16:54:30-04:00

6) Using only "ls" (and maybe "grep"), can you find out which file under

    directory /proc/ contains information about memory (mem) on your

    server? Which file contains information about the cpu's on your server?

    6. meminfor contains information about mem on server
    6b. cpuinfo contains information about cpu on server
